Budget=[2, 5, 10, 20, 50, 100]
Average NSE=[5.0, 11.0, 15.5, 14.5, 13.500000953674316, 13.25]
Std_dev_NSE=[13.183699607849121, 13.183699607849121, 13.183699607849121, 13.183699607849121, 13.183699607849121, 13.183699607849121]
Actor costs=[25.393871307373047, 25.393871307373047, 25.393871307373047, 25.393871307373047, 25.393871307373047, 25.393871307373047]
Std_dev_costs=[0, 0, 0, 0, 0, 0]
