Budget=[2, 5, 10, 20, 50, 100]
Average NSE=[52.5, 51.0, 54.0, 53.0, 48.899986267089844, 48.55000686645508]
Std_dev_NSE=[17.96795654296875, 17.96795654296875, 17.96795654296875, 17.96795654296875, 17.96795654296875, 17.96795654296875]
Actor costs=[25.393871307373047, 25.393871307373047, 25.393871307373047, 25.393871307373047, 25.393871307373047, 25.393871307373047]
Std_dev_costs=[0, 0, 0, 0, 0, 0]
