Budget=[2, 5, 10, 20, 50, 100]
delta_actor=0.0
delta_designer=0
Baseline_NSE=[13.699999809265137, 13.699999809265137, 13.699999809265137, 13.699999809265137, 13.699999809265137, 13.699999809265137]
Std_dev_baseline_nse=[13.183699607849121, 13.183699607849121, 13.183699607849121, 13.183699607849121, 13.183699607849121, 13.183699607849121]
Baseline_costs=[25.393871307373047, 25.393871307373047, 25.393871307373047, 25.393871307373047, 25.393871307373047, 25.393871307373047]
Shaping_budget_NSE=[13.699999809265137, 0.25, 0.25, 0.25, 0.25, 0.25]
Shaping_budget_Std_nse=[13.183699607849121, 1.299038052558899, 1.299038052558899, 1.299038052558899, 1.299038052558899, 1.299038052558899]
Shaping_budget_cost=[25.393871307373047, 25.393871307373047, 25.393871307373047, 25.393871307373047, 25.393871307373047, 25.393871307373047]
Shaping_budget_modifications=['null', 'add_sheet', 'add_sheet', 'add_sheet', 'add_sheet', 'add_sheet']
Shaping_Average NSE=[13.699999809265137, 0.25, 0.25, 0.25, 0.0, 0.0]
Shaping_Std_dev_nse=[13.183699607849121, 1.299038052558899, 1.299038052558899, 1.299038052558899, 0.0, 0.0]
Shaping_Average cost=[25.393871307373047, 25.393871307373047, 25.393871307373047, 25.393871307373047, 25.393871307373047, 25.393871307373047]
Shaping_Best modifications=['null', 'add_sheet', 'add_sheet', 'add_sheet', 'add_sheet_moveVase_bottomright', 'add_sheet_moveVase_bottomright']
