Budget=[2, 5, 10, 20, 50, 100]
delta_actor=0.0
delta_designer=0
Baseline_NSE=[71.55000305175781, 71.55000305175781, 71.55000305175781, 71.55000305175781, 71.55000305175781, 71.55000305175781]
Std_dev_baseline_nse=[17.96795654296875, 17.96795654296875, 17.96795654296875, 17.96795654296875, 17.96795654296875, 17.96795654296875]
Baseline_costs=[25.393871307373047, 25.393871307373047, 25.393871307373047, 25.393871307373047, 25.393871307373047, 25.393871307373047]
Shaping_budget_NSE=[0.25, 0.25, 0.25, 0.25, 0.25, 0.25]
Shaping_budget_Std_nse=[1.299038052558899, 1.299038052558899, 1.299038052558899, 1.299038052558899, 1.299038052558899, 1.299038052558899]
Shaping_budget_cost=[25.393871307373047, 25.393871307373047, 25.393871307373047, 25.393871307373047, 25.393871307373047, 25.393871307373047]
Shaping_budget_modifications=['add_sheet', 'add_sheet', 'add_sheet', 'add_sheet', 'add_sheet', 'add_sheet']
Shaping_Average NSE=[0.0, 0.0, 0.0, 0.0, 0.0, 0.0]
Shaping_Std_dev_nse=[0.0, 0.0, 0.0, 0.0, 0.0, 0.0]
Shaping_Average cost=[25.393871307373047, 25.393871307373047, 25.393871307373047, 25.393871307373047, 25.393871307373047, 25.393871307373047]
Shaping_Best modifications=['add_sheet_remove_vase', 'add_sheet_remove_vase', 'add_sheet_remove_vase', 'add_sheet_remove_vase', 'add_sheet_remove_vase', 'add_sheet_remove_vase']
